472
89
90
39
525
859
898
632
877
449
696
780
629
409
814
463
146
769
128
270
69
987
111
825
702
588
436
155
817
792
523
721
200
87
891
280
896
800
275
626
482
613
893
17
876
942
909
698
543
210
901
464
753
466
446
408
15
889
409
272
174
406
796
625
830
260
928
270
201
939
575
865
718
23
190
845
333
163
84
385
194
1
883
481
400
405
677
395
408
237
871
83
148
501
471
896
456
162
357
460
700
336
591
264
887
872
754
514
100
510
45
586
974
384
490
670
635
603
466
741
647
989
971
507
536
268
481
61
102
287
206
6
820
97
122
425
805
257
330
961
584
811
144
546
166
1
325
104
608
133
